15	15	3.53176
15	15	3.33651
15	15	28.2589
fail
fail
fail
fail
15	15	2.53334
30	15	6.26393
30	15	1.48673
30	15	4.36417
30	15	2.84358
30	15	1.18562
fail
fail
fail
45	15	5.11858
45	15	0.218884
45	15	3.15481
45	15	3.23152
45	15	7.12013
fail
fail
fail
55	15	2.20922
55	15	0.357319
55	15	3.79243
55	15	3.59194
55	15	9.88921
55	15	1.39572
fail
fail
70	15	2.96937
70	15	0.802868
70	15	5.07014
70	15	0.416672
70	15	10.9854
70	15	0.0993042
fail
fail
fail
85	15	0.296345
85	15	2.85764
85	15	0.615479
85	15	1.6235
fail
fail
fail
15	30	13.0882
15	30	5.10423
15	30	0.0643856
15	30	1.13985
fail
fail
fail
15	30	3.08182
30	30	1.01475
30	30	1.76562
30	30	2.23651
30	30	0.916061
30	30	1.03866
fail
30	30	2.91023
30	30	1.82599
45	30	9.72064
45	30	0.178974
45	30	3.58911
45	30	0.814812
45	30	1.25367
fail
45	30	3.71935
45	30	1.46161
55	30	0.0460968
55	30	1.36218
55	30	0.715468
55	30	3.04774
55	30	2.2364
55	30	0.575027
fail
55	30	0.402771
fail
70	30	2.65488
70	30	3.83602
70	30	0.967484
70	30	0.0173187
70	30	1.54121
70	30	0.889099
fail
fail
85	30	0.176544
85	30	0.852273
85	30	1.32913
85	30	0.426491
85	30	1.90471
85	30	3.21384
fail
45	15	0.565765
45	15	0.266075
45	15	4.10162
fail
fail
15	45	0.621689
15	45	0.458115
15	45	9.17233
30	45	1.26505
30	45	1.26822
30	45	0.304389
fail
30	45	0.408295
30	45	2.86192
30	45	0.491592
30	45	0.489883
45	45	3.87807
45	45	4.20279
45	45	6.1089
fail
45	45	0.0283813
45	45	2.69193
45	45	7.99792
45	45	0.296326
55	45	1.85808
55	45	1.76467
55	45	2.69548
fail
55	45	0.99691
55	45	0.482056
55	45	1.74168
55	45	0.952271
fail
70	45	4.25135
70	45	2.28238
70	45	2.62822
70	45	0.422684
70	45	2.6082
70	45	3.422
70	45	0.173172
fail
85	45	1.57839
85	45	18.4372
85	45	4.19468
85	45	1.23026
85	45	5.28357
85	45	2.63731
fail
15	55	1.00694
15	55	0.818905
fail
fail
fail
15	55	1.53375
15	55	5.3302
15	55	0.746414
30	55	10.9909
30	55	0.875671
30	55	0.105154
fail
30	55	3.89891
30	55	2.25574
30	55	8.24631
30	55	0.661896
45	55	0.680069
45	55	3.1889
45	55	12.4941
fail
45	55	4.0945
45	55	5.41885
45	55	1.33943
45	55	0.77243
55	55	1.285
55	55	6.65048
55	55	3.40185
fail
55	55	2.3782
55	55	1.66124
55	55	0.42363
55	55	0.560303
70	55	0.627434
fail
70	55	8.42908
70	55	7.06824
70	55	1.40178
70	55	0.333145
70	55	4.99013
70	55	2.81088
fail
fail
85	55	13.324
85	55	3.95842
85	55	1.04952
85	55	3.87837
85	55	1.28065
fail
15	70	4.83034
15	70	0.0934906
fail
fail
fail
15	70	0.809311
15	70	4.12308
15	70	0.295654
30	70	1.42518
30	70	0.210724
30	70	6.31156
fail
fail
30	70	0.003479
30	70	8.56865
30	70	1.34875
45	70	4.00238
45	70	3.26559
45	70	3.49303
fail
45	70	2.65733
45	70	3.02103
45	70	2.12479
45	70	1.85551
55	70	7.20064
55	70	4.0405
55	70	2.9777
55	70	1.31376
55	70	2.85288
55	70	2.99783
55	70	0.00941467
55	70	2.41859
70	70	1.66376
fail
fail
70	70	2.88747
70	70	6.61871
70	70	1.86171
70	70	3.94701
70	70	4.05968
fail
fail
85	70	14.8749
85	70	1.32771
85	70	1.09029
85	70	1.33194
85	70	16.4564
fail
15	85	1.74332
15	85	1.21085
fail
fail
fail
15	85	0.689682
15	85	0.725327
15	85	0.0405579
30	85	0.382011
fail
fail
fail
fail
30	85	1.43338
30	85	0.690491
30	85	1.62624
45	85	2.21614
fail
fail
fail
fail
45	85	0.666397
45	85	2.9845
45	85	1.66287
55	85	3.59212
55	85	0.840504
fail
fail
fail
55	85	2.06676
55	85	1.24251
55	85	0.251984
fail
fail
fail
70	85	0.864227
70	85	1.75662
70	85	0.696365
70	85	1.48892
70	85	0.226929
fail
fail
fail
85	85	0.378143
85	85	1.19019
85	85	0.119308
85	85	6.66493
fail
