15	15	8.87431	7.03822
15	15	3.48701	4.16125
15	15	44.5645	5.191
fail
fail
fail
fail
15	15	0.133686	0.293474
30	15	5.81234	7.99893
30	15	1.93629	0.0585798
30	15	4.26312	3.50586
30	15	2.51419	1.34847
30	15	0.908602	0.839467
fail
fail
fail
45	15	3.88419	5.80795
45	15	0.528008	0.205639
45	15	3.07583	2.31269
45	15	2.73768	2.74786
45	15	0.102324	5.80623
fail
fail
fail
55	15	3.04634	2.79098
55	15	0.598273	0.494872
55	15	1.85518	0.406196
55	15	2.83545	3.68723
55	15	0.672519	9.21354
55	15	0.392081	0.562824
fail
fail
70	15	1.46573	2.16578
70	15	0.794621	0.275992
70	15	7.67473	1.75418
70	15	0.00491545	0.218911
70	15	3.62817	13.1024
70	15	0.730327	0.415066
fail
fail
fail
85	15	0.254749	0.316256
85	15	1.99378	1.76887
85	15	0.851099	1.45014
85	15	1.75689	0.7824
fail
fail
fail
15	30	7.58014	21.5455
15	30	2.02262	3.48655
15	30	0.30486	0.944536
15	30	0.131306	0.213853
fail
fail
fail
15	30	1.54249	1.1036
30	30	0.659913	1.63683
30	30	1.36917	0.266298
30	30	0.523879	1.21461
30	30	0.250638	0.400299
30	30	0.45237	1.00876
fail
30	30	1.13234	1.14055
30	30	0.152859	0.736296
45	30	1.05977	9.34608
45	30	0.428256	0.336305
45	30	3.30232	0.21032
45	30	0.334442	0.135764
45	30	0.841948	0.654991
fail
45	30	2.10245	1.63042
45	30	0.343843	1.00032
55	30	0.634915	0.403144
55	30	1.0117	0.0090238
55	30	0.871393	0.138989
55	30	2.16569	3.27108
55	30	1.3101	0.768143
55	30	0.766845	0.949744
fail
55	30	0.115775	0.201593
fail
70	30	0.603144	0.7582
70	30	5.6914	1.29478
70	30	1.62766	1.62319
70	30	0.868666	0.419379
70	30	1.09506	1.29968
70	30	0.466661	0.914378
fail
fail
85	30	0.00807221	0.0375248
85	30	0.844044	0.851392
85	30	2.24367	3.03608
85	30	1.97805	2.07724
85	30	0.894676	2.168
85	30	1.10263	0.806428
fail
45	15	28.5444	30.45
45	15	30.1743	29.7938
45	15	33.5021	30.5802
fail
fail
15	45	0.012876	0.52899
15	45	0.477532	0.489833
15	45	3.3338	6.52925
30	45	0.483242	0.164488
30	45	2.74809	2.22213
30	45	1.53201	0.215167
fail
30	45	0.42109	0.549854
30	45	0.075254	1.31822
30	45	0.701861	1.72974
30	45	0.819162	0.397386
45	45	1.25038	4.06359
45	45	2.98179	2.80252
45	45	5.55629	2.3625
fail
45	45	0.168437	0.148059
45	45	0.847303	1.37675
45	45	6.62892	0.246098
45	45	0.463306	1.34002
55	45	0.98741	1.81738
55	45	2.30667	1.5164
55	45	1.36031	1.40506
fail
55	45	0.481472	1.37844
55	45	0.245617	0.240034
55	45	1.49178	0.212591
55	45	0.182648	0.453457
fail
70	45	0.513675	1.55376
70	45	2.73363	0.25669
70	45	1.7887	1.50999
70	45	0.471174	1.67467
70	45	2.63359	2.58487
70	45	1.93299	1.84877
70	45	0.146065	0.970079
fail
85	45	0.377686	0.0564272
85	45	17.6995	8.0046
85	45	3.03525	0.631626
85	45	1.34437	2.41773
85	45	3.35766	6.08337
85	45	2.72911	0.565944
fail
15	55	0.349189	0.372708
15	55	0.0743332	0.130786
fail
fail
fail
15	55	0.34938	0.572895
15	55	2.08771	1.14745
15	55	0.546111	0.23219
30	55	3.11975	14.959
30	55	2.73893	3.55919
30	55	1.51577	0.736747
fail
30	55	1.30325	1.6495
30	55	0.15676	1.15066
30	55	8.15482	3.30338
30	55	0.0109577	0.642087
45	55	2.54372	0.610726
45	55	1.33243	3.38892
45	55	9.21313	1.75635
fail
45	55	1.84318	4.70102
45	55	1.57216	3.3772
45	55	1.42234	0.511186
45	55	0.0548134	0.813649
55	55	1.80762	0.779429
55	55	2.04799	5.93531
55	55	2.63101	2.06749
fail
55	55	4.15375	2.25775
55	55	0.502712	0.749625
55	55	0.338935	0.439293
55	55	0.975306	0.192623
70	55	0.378316	0.448197
fail
70	55	4.92517	5.3706
70	55	6.60933	3.55433
70	55	0.482278	1.6187
70	55	0.671229	0.28859
70	55	5.16716	2.52527
70	55	1.73717	1.53491
fail
fail
85	55	8.87715	3.91233
85	55	3.88393	2.94991
85	55	0.469426	1.92081
85	55	3.61669	3.74454
85	55	0.282229	0.386341
fail
15	70	10.3579	11.0159
15	70	0.370344	0.615258
fail
fail
fail
15	70	0.353398	0.09753
15	70	4.41574	0.849406
15	70	0.40803	1.2113
30	70	0.0497641	1.21419
30	70	0.0962053	0.109321
30	70	2.72037	1.44098
fail
fail
30	70	0.771685	0.457076
30	70	10.687	4.27388
30	70	0.0149327	0.757135
45	70	3.16575	2.62711
45	70	2.26083	3.76957
45	70	2.69454	0.991267
fail
45	70	1.03793	1.28828
45	70	1.84551	1.26929
45	70	3.01882	0.922859
45	70	2.34904	2.01198
55	70	1.4984	6.25351
55	70	0.847274	3.84264
55	70	0.639258	0.574002
55	70	2.21179	0.598322
55	70	1.28527	2.96747
55	70	3.43018	1.90286
55	70	1.00825	0.499529
55	70	2.72643	2.17018
70	70	0.948848	0.697115
fail
fail
70	70	1.57999	0.364919
70	70	1.29582	7.66198
70	70	1.33603	2.00478
70	70	3.05264	1.90561
70	70	3.10618	0.401291
fail
fail
85	70	6.76717	3.02441
85	70	1.25767	1.10052
85	70	1.35779	0.236963
85	70	1.19836	0.440405
85	70	21.5442	0.816375
fail
15	85	2.17989	1.36459
15	85	0.031254	0.259694
fail
fail
fail
15	85	0.361149	0.345249
15	85	1.01347	0.988749
15	85	0.694495	0.613185
30	85	0.820817	0.999019
fail
fail
fail
fail
30	85	0.271966	0.0531059
30	85	1.85103	0.349179
30	85	0.344541	0.860883
45	85	1.18576	2.38696
fail
fail
fail
fail
45	85	1.03677	0.919774
45	85	5.06376	2.29176
45	85	2.35639	0.189315
55	85	1.12427	2.10267
55	85	1.38082	1.65368
fail
fail
fail
55	85	0.592044	1.27154
55	85	3.60759	0.81742
55	85	0.779721	0.0620791
fail
fail
fail
70	85	0.536855	0.0190312
70	85	2.00798	0.699291
70	85	3.14377	2.17042
70	85	1.2171	1.56439
70	85	0.35348	0.4368
fail
fail
fail
85	85	0.304196	0.88865
85	85	1.04281	1.21759
85	85	1.17883	1.81632
85	85	10.7944	0.485163
fail
