15	15	11.3265
15	15	5.42911
15	15	44.8659
fail
fail
fail
fail
15	15	0.322489
30	15	9.88768
30	15	1.93718
30	15	5.51953
30	15	2.85299
30	15	1.23704
fail
fail
fail
45	15	6.98708
45	15	0.566639
45	15	3.84828
45	15	3.87887
45	15	5.80714
fail
fail
fail
55	15	4.13156
55	15	0.77642
55	15	1.89913
55	15	4.6514
55	15	9.23806
55	15	0.685928
fail
fail
70	15	2.61514
70	15	0.841186
70	15	7.87265
70	15	0.218966
70	15	13.5954
70	15	0.840034
fail
fail
fail
85	15	0.406098
85	15	2.66535
85	15	1.68145
85	15	1.92323
fail
fail
fail
15	30	22.84
15	30	4.03076
15	30	0.992516
15	30	0.250947
fail
fail
fail
15	30	1.89663
30	30	1.76485
30	30	1.39482
30	30	1.32278
30	30	0.472291
30	30	1.10555
fail
30	30	1.60718
30	30	0.751996
45	30	9.40597
45	30	0.544522
45	30	3.30901
45	30	0.360947
45	30	1.06672
fail
45	30	2.66055
45	30	1.05777
55	30	0.752092
55	30	1.01174
55	30	0.882408
55	30	3.92303
55	30	1.51868
55	30	1.22068
fail
55	30	0.232473
fail
70	30	0.968839
70	30	5.83682
70	30	2.2987
70	30	0.964604
70	30	1.69951
70	30	1.02658
fail
fail
85	30	0.0383832
85	30	1.19887
85	30	3.77516
85	30	2.86838
85	30	2.34535
85	30	1.36606
fail
45	15	41.7371
45	15	42.4047
45	15	45.3601
fail
fail
15	45	0.529147
15	45	0.684086
15	45	7.33112
30	45	0.51047
30	45	3.5341
30	45	1.54705
fail
30	45	0.692572
30	45	1.32037
30	45	1.86671
30	45	0.910462
45	45	4.25161
45	45	4.09209
45	45	6.0377
fail
45	45	0.22426
45	45	1.61659
45	45	6.63348
45	45	1.41786
55	45	2.0683
55	45	2.76047
55	45	1.95567
fail
55	45	1.4601
55	45	0.34343
55	45	1.50686
55	45	0.488859
fail
70	45	1.63647
70	45	2.74566
70	45	2.34084
70	45	1.73969
70	45	3.69017
70	45	2.67477
70	45	0.981013
fail
85	45	0.381878
85	45	19.4254
85	45	3.10027
85	45	2.76636
85	45	6.94847
85	45	2.78718
fail
15	55	0.510729
15	55	0.150434
fail
fail
fail
15	55	0.671026
15	55	2.38226
15	55	0.593422
30	55	15.2808
30	55	4.49106
30	55	1.68533
fail
30	55	2.10222
30	55	1.16129
30	55	8.79849
30	55	0.642181
45	55	2.616
45	55	3.64145
45	55	9.37905
fail
45	55	5.04945
45	55	3.7252
45	55	1.51141
45	55	0.815494
55	55	1.96851
55	55	6.2787
55	55	3.34615
fail
55	55	4.72769
55	55	0.902583
55	55	0.554847
55	55	0.994146
70	55	0.586518
fail
70	55	7.28702
70	55	7.50443
70	55	1.68902
70	55	0.730638
70	55	5.75122
70	55	2.31812
fail
fail
85	55	9.70104
85	55	4.87718
85	55	1.97734
85	55	5.20596
85	55	0.478448
fail
15	70	15.1207
15	70	0.718121
fail
fail
fail
15	70	0.366609
15	70	4.4967
15	70	1.27817
30	70	1.21521
30	70	0.145624
30	70	3.07845
fail
fail
30	70	0.896893
30	70	11.5099
30	70	0.757282
45	70	4.11384
45	70	4.39557
45	70	2.87109
fail
45	70	1.65438
45	70	2.23987
45	70	3.15673
45	70	3.09291
55	70	6.43052
55	70	3.93494
55	70	0.859145
55	70	2.29129
55	70	3.23385
55	70	3.92263
55	70	1.12521
55	70	3.4847
70	70	1.1774
fail
fail
70	70	1.62158
70	70	7.77079
70	70	2.40917
70	70	3.59861
70	70	3.132
fail
fail
85	70	7.41226
85	70	1.67119
85	70	1.37831
85	70	1.27673
85	70	21.5597
fail
15	85	2.57178
15	85	0.261568
fail
fail
fail
15	85	0.499625
15	85	1.41589
15	85	0.926455
30	85	1.29297
fail
fail
fail
fail
30	85	0.277103
30	85	1.88368
30	85	0.927269
45	85	2.66525
fail
fail
fail
fail
45	85	1.38596
45	85	5.55822
45	85	2.36398
55	85	2.38436
55	85	2.15437
fail
fail
fail
55	85	1.40262
55	85	3.69903
55	85	0.782188
fail
fail
fail
70	85	0.537192
70	85	2.12626
70	85	3.82021
70	85	1.98208
70	85	0.56191
fail
fail
fail
85	85	0.939273
85	85	1.60312
85	85	2.16533
85	85	10.8053
fail
